Array creation
2 dimensional array: 
[[65 28 11 54 22 97]
 [36 13 22 95 44 20]
 [47 51 37 74 77 77]
 [32 26 33 81 19  7]
 [11 90 31 42 90 32]
 [ 6 67 19 35 24 35]]
	Array Manipulation Functions
Transpose: 
[[65 36 47 32 11  6]
 [28 13 51 26 90 67]
 [11 22 37 33 31 19]
 [54 95 74 81 42 35]
 [22 44 77 19 90 24]
 [97 20 77  7 32 35]]
Reshape: 
[[65 28 11 54 22 97 36 13 22 95 44 20]
 [47 51 37 74 77 77 32 26 33 81 19  7]
 [11 90 31 42 90 32  6 67 19 35 24 35]]
Split: 
[array([[65, 28, 11, 54, 22, 97]], dtype=int32), array([[36, 13, 22, 95, 44, 20]], dtype=int32), array([[47, 51, 37, 74, 77, 77]], dtype=int32), array([[32, 26, 33, 81, 19,  7]], dtype=int32), array([[11, 90, 31, 42, 90, 32]], dtype=int32), array([[ 6, 67, 19, 35, 24, 35]], dtype=int32)]
Combine: 
[[65 28 11 54 22 97]
 [36 13 22 95 44 20]
 [47 51 37 74 77 77]
 [32 26 33 81 19  7]
 [11 90 31 42 90 32]
 [ 6 67 19 35 24 35]
 [65 28 11 54 22 97]
 [36 13 22 95 44 20]
 [47 51 37 74 77 77]
 [32 26 33 81 19  7]
 [11 90 31 42 90 32]
 [ 6 67 19 35 24 35]]